QCT TRAJECTORY CALCULATION
ATB--CQU
3,0,0,0,0,0,0,0,0,0,0,0,0,0,0,11,0,0,0,0,0,
0.0,
2,0,
15.99491,15.99491,15.99491
10000,1000000,100,200,
0.005
0,0,962905181,
1,0,
 0.0000000000, 0.0000000000, 0.0000000000
2,1,
-1.3875305800, 0.2567237100, 0.0000000000
-2.5955305800, 0.2567237100, 0.0000000000
8,210
1,2,15.0, 4.0,0.0,
1,  0.4,11.0
1,0.1
3,
15.0, 4.0,1,2,0.0,
1,4
2
-1.3875305800, 0.2567237100, 0.0000000000
1,3
 0.0000000000, 0.0000000000, 0.0000000000
-2.5955305800, 0.2567237100, 0.0000000000
15.0, 4.0,1,2,0.0,
1,4
3
-2.5955305800, 0.2567237100, 0.0000000000
1,2
 0.0000000000, 0.0000000000, 0.0000000000
-1.3875305800, 0.2567237100, 0.0000000000
15.0, 4.0,1,2,120.2
1,4
1
 0.0000000000, 0.0000000000, 0.0000000000
2,3
-1.3875305800, 0.2567237100, 0.0000000000
-2.5955305800, 0.2567237100, 0.0000000000
1,1,
0,0,
0,0,
0,0,
0,0,
0,0,
0,0,
