100.4 41 10
280.4 41 6
100.4 41 8
240.4 41 6
110.4 41 10
140.4 39 20
210.4 41 6
70.4 39 20
100.4 37 30
270.4 41 0
40.4 41 0
30.4 16 130
170.4 41 6
170.4 41 10
40.4 40 0
210.4 41 8
280.4 41 10
250.4 35 0
180.4 41 0
240.4 41 10
140.4 29 70
250.4 41 8
100.4 41 0
110.4 41 6
170.4 33 0
240.4 33 0
70.4 37 30
240.4 36 0
140.4 33 0
100.4 41 2
70.4 39 5
140.4 35 0
70.4 28 80
140.4 33 50
180.4 41 2
140.4 30 60
180.4 31 0
140.4 34 50
170.4 41 4
140.4 35 40
240.4 41 0
240.4 41 4
100.4 41 4
210.4 35 40
100.4 41 6
210.4 41 2
210.4 41 4
130.4 31 0
180.4 33 0
240.4 41 8
