217.2	0	10	0.44
225.8	0	16	0.53
163.6	0	31	0.11
100.0	0	100	0.04
121.3	0	158	2.21
10.4	0	170	0.00
258.6	1	13	0.97
338.1	1	26	1.72
189.5	1	51	0.53
236.2	1	54	1.02
277.7	1	92	2.18
10.4	1	170	0.00
237.9	2	45	1.16
142.9	2	61	0.19
149.8	2	69	0.34
229.3	2	70	1.38
279.4	2	75	2.03
41.4	2	140	0.00
224.1	3	3	1.02
198.2	3	52	0.97
129.1	3	73	0.21
251.7	4	25	1.53
175.7	4	37	0.74
153.3	4	53	0.48
339.9	4	57	2.59
111.8	4	63	0.08
293.2	4	99	3.44
10.4	4	160	0.00
155	5	15	0.44
94.5	5	32	0.00
312.2	5	41	2.49
255.2	5	66	2.38
193	5	89	2.02
232.7	5	99	3.05
170.5	6	4	0.86
117	6	14	0.09
234.5	6	36	1.96
317.4	6	43	2.75
194.7	6	70	1.90
168.8	6	96	2.07
200.4	6	160	6.30
151.5	7	32	0.75
239.6	7	33	2.30
98	7	40	0.03
134.3	7	43	0.48
122.2	7	68	0.52
343.3	7	76	3.97
212	7	83	2.88
87.6	8	25	0.00
146.3	8	44	0.86
80.7	8	64	0.03
284.6	8	72	3.74
96.2	8	84	0.32
225	8	142	6.26
246.6	9	1	2.88
123.9	9	12	0.44
298.4	9	36	3.51
203.4	9	46	2.53
324.3	9	50	3.97
127.3	9	51	0.75
308.8	9	56	3.92
256.9	9	71	3.88
85.9	10	23	0.02
320.8	10	42	4.15
341.6	10	61	4.69
113.5	10	82	1.06
253.5	10	89	4.81
120.4	10	96	1.76
328.6	10	148	8.42
303.6	11	7	4.09
334.7	11	37	4.50
296.7	11	81	5.38
218.9	11	87	4.60
179.2	11	94	3.85
213.7	12	3	3.56
161.9	12	20	2.06
91.1	12	22	0.16
265.6	12	44	4.50
220.6	12	45	3.94
61.7	12	52	0.00
286.3	12	76	5.48
173.2	12	131	6.24
345	13	21	5.13
262.1	13	24	4.75
132.5	13	47	1.62
270.7	13	77	5.81
315.7	13	80	6.22
104.9	13	87	1.69
215.5	13	90	5.48
101.4	13	98	2.04
341.4	13	140	9.06
118.7	14	8	1.13
187.8	14	33	3.79
167.1	14	40	3.24
130.8	14	60	2.16
60	14	62	0.08
174	14	65	3.92
108.3	14	82	1.97
227.5	14	84	5.81
104.1	14	127	4.47
263.8	15	10	5.34
103.2	15	24	0.88
160.2	15	68	4.01
182.6	15	75	4.88
51.3	15	80	0.17
243.1	15	90	6.78
274.2	16	2	5.88
136	16	19	2.37
310.5	16	20	6.15
186.1	16	30	4.46
248.3	16	38	5.81
66.9	16	54	0.32
82.4	16	57	0.88
242.3	16	128	9.10
196.4	17	4	5.00
54.8	17	8	0.00
288	17	12	6.35
282.8	17	15	6.35
327.8	17	48	6.93
180.9	17	78	5.90
68.6	17	79	1.17
148.1	17	81	4.86
70.3	18	21	0.40
58.2	18	23	0.11
44.4	18	35	0.00
141.2	18	42	3.79
73.8	18	53	0.95
172.3	18	55	5.47
49.6	18	56	0.13
280.4	18	120	9.66
291.5	19	6	7.14
267.3	19	17	7.07
72.1	19	62	1.42
332.9	19	63	7.87
244.8	19	73	7.84
210.3	19	85	7.84
110.1	19	86	4.47
222.4	19	95	8.49
241.4	20	5	7.14
27.1	20	7	0.00
206.8	20	29	6.71
28.9	20	39	0.00
41	20	58	0.13
139.4	20	67	5.33
208.5	20	88	8.41
281.1	20	94	9.25
300.1	21	5	7.87
75.5	21	6	1.15
191.3	21	17	6.74
250	21	38	7.92
46.1	21	58	0.56
336.4	21	93	9.59
305.3	22	11	8.15
177.4	22	19	6.74
158.4	22	35	6.27
319.1	22	60	8.94
56.5	22	74	2.19
84.1	22	77	4.21
275.9	23	14	8.47
322.6	23	28	8.62
313.9	23	41	8.86
205.1	23	49	8.49
331.2	23	50	9.02
329.5	23	55	9.08
9.9	24	9	0.00
231	24	34	8.91
199.9	24	39	8.49
294.9	25	2	9.25
125.6	25	27	6.06
115.2	25	28	5.58
257.7	26	13	9.50
294.8	26	23	9.60
44.6	26	38	1.73
190.5	28	4	9.63
261.1	28	13	10.22
19.1	28	71	1.86
222	28	79	11.97
340.8	30	9	10.44
157.5	30	11	9.98
18.1	30	26	0.47
332.1	30	29	11.49
294.2	32	35	12.43
329.7	32	54	13.12
87.2	32	60	10.34
192.9	34	0	12.64
18.1	34	8	3.41
294.4	34	18	13.17
225.1	36	18	15.27
121.6	36	25	14.04
19.1	36	29	8.15
294.5	38	4	20.57
88	38	7	17.26
190.5	38	15	21.75
122.9	40	1	23.38
157.3	40	4	24.18
328.9	40	10	24.25
345.9	42	0	27.35
122.9	42	2	29.66
156.6	42	3	29.84
329	42	4	27.99
320.2	0	0	1.44
345.9	0	80	2.25
220	0	100	1.45
31.4	0	170	0.08
200	1	100	1.43
220	1	100	1.69
51.4	1	170	0.62
345.9	2	90	2.81
100	2	100	0.09
101.4	3	170	3.27
191	4	51	1.02
259.5	4	110	3.50
155.9	6	134	3.51
52.2	6	159	1.11
161.4	8	150	5.45
121.3	10	112	2.52
229.5	12	43	4.05
140.4	13	140	6.57
246.4	14	50	5.28
300	15	100	7.66
211.6	16	34	5.20
40.2	17	30	0.00
175.1	18	15	4.86
324.1	18	48	7.37
20	18	90	0.00
41.4	19	0	0.00
341.4	19	120	10.33
131.4	20	0	3.56
237.2	20	71	8.07
40	21	100	2.27
63.8	22	32	1.18
345.9	23	0	8.62
70.4	23	100	5.70
280	24	60	9.50
345.9	25	30	9.34
328.7	26	42	9.79
225.4	26	51	9.88
341.5	27	0	9.81
156.3	28	46	9.66
53.6	30	4	4.28
18.9	32	3	1.45
10.7	32	61	3.24
226.1	34	29	13.55
72.9	35	0	9.48
340.4	36	30	16.45
12.6	37	29	11.59
340.4	38	20	21.90
191.1	40	12	25.10
20	42	0	34.82
294.2	42	5	28.37
180	0	0	0.16
337.3	0	2	1.59
302.7	0	8	1.28
164.5	0	12	0.10
240	0	100	1.69
216.3	2	2	0.75
181.8	2	8	0.43
164.5	2	12	0.27
147.2	2	38	0.14
345.9	3	0	1.98
90	3	100	0.09
201.4	3	170	5.87
280.1	4	0	1.69
237	4	12	1.40
155.9	4	165	4.89
345.9	5	0	2.42
345.9	6	0	2.65
137.4	6	3	0.30
301.7	6	5	2.37
276.6	6	11	2.19
334.6	6	23	2.70
341.4	8	0	3.19
195.5	8	1	1.83
221.1	8	12	2.34
328.6	8	148	7.69
80	9	0	0.00
259.5	10	132	7.01
209.1	12	43	3.67
282.7	13	136	8.61
282.7	14	29	5.26
200.4	14	120	7.18
130.4	15	130	6.38
311.3	16	116	8.75
186.7	18	66	6.10
140.4	19	120	8.31
320.4	20	89	9.02
20	21	90	0.08
194.2	22	47	7.74
220.7	24	57	9.24
148.3	26	74	9.54
230.4	28	80	12.09
340.4	32	60	13.59
191.6	34	39	13.92
40.4	36	0	8.94
294.8	36	21	15.52
130.4	37	0	14.99
52.9	38	18	18.21
122.7	38	23	21.49
310.4	40	0	23.64
5.1	42	0	42.80
280.1	0	0	1.01
285.4	0	43	1.24
320	0	68	1.85
181.8	0	73	0.48
140	0	100	0.35
190.4	0	143	2.69
340.8	0	172	6.86
211.4	1	170	5.35
302.7	2	73	2.15
337.3	2	98	3.06
90	2	100	0.04
294.1	2	133	4.38
265	4	26	1.68
305.7	4	74	2.68
80	4	100	0.04
86.8	4	117	0.33
41.4	5	130	0.00
103.9	6	67	0.12
141.7	6	97	1.44
259.5	6	128	5.18
105.8	8	18	0.10
290.6	8	80	4.08
153.7	8	89	2.03
219.7	10	64	3.56
161.9	10	96	3.15
345.9	10	100	6.06
155.9	10	138	5.32
255.3	12	10	4.06
190.4	13	140	7.78
150.6	14	78	3.53
261.6	16	59	6.50
307.5	18	95	8.52
333.2	20	83	8.79
280.3	22	80	9.41
131.4	24	100	9.43
164.2	26	79	10.05
290.4	28	0	10.16
295.2	28	80	12.27
170.4	29	70	11.35
170.4	30	70	12.07
160.4	32	60	12.88
329	34	44	14.43
1.4	37	30	4.05
310.4	37	30	21.48
230.4	38	0	20.60
18	38	1	13.31
340.4	41	10	25.95
140.4	41	10	27.06
88.2	42	3	30.79
18.5	42	4	36.41
200	0	90	0.97
30.7	0	161	0.00
345.9	1	90	2.61
100	1	100	0.04
120.4	2	0	0.00
320	2	48	1.90
112.7	2	92	0.14
61.4	2	140	0.17
105.5	4	20	0.00
52.2	4	158	0.67
80	5	100	0.10
51.4	6	110	0.00
294.1	6	146	6.63
192.1	8	50	2.10
341.4	10	0	3.93
293.6	10	62	4.35
60.1	10	80	0.00
294.1	10	122	6.78
158.4	12	62	2.63
60.7	12	70	0.03
170.2	12	81	3.57
242.3	12	104	6.15
40.3	13	100	0.05
137	14	10	1.74
86.8	14	86	1.26
20	17	100	0.00
10.4	19	120	0.14
89.7	20	83	3.80
345.9	22	0	8.31
220.4	22	0	7.76
20.8	22	20	0.00
156.4	22	78	7.73
21.1	23	0	0.00
242.3	23	104	10.81
339.7	24	21	8.90
345.9	24	60	9.50
139.4	24	79	8.38
50.4	24	100	5.24
345.9	25	10	9.17
95.4	26	25	4.95
11.4	26	90	0.83
88	28	21	5.64
52.6	28	55	4.57
211.4	32	0	11.61
12.5	32	22	0.50
157.5	34	3	12.10
260.9	34	13	13.06
22.1	34	39	6.24
11.4	35	0	2.95
2.5	42	0	46.87
71.4	0	110	0.00
225	0	174	5.65
51.4	1	130	0.00
345.9	2	100	3.17
190.4	2	126	2.47
290.4	3	170	7.19
100	4	0	0.00
336.4	4	53	2.52
190.4	4	131	3.38
341.4	4	160	7.13
225	6	109	3.65
328.6	6	153	7.36
90	8	0	0.00
20.7	8	143	0.00
94.5	10	46	0.17
86.8	10	142	2.98
130.4	11	0	0.83
193.5	12	56	3.54
311.3	12	140	8.60
10.4	15	130	0.00
40	16	50	0.00
292.2	16	69	6.91
127.9	18	97	5.42
242.3	18	117	9.31
181.4	19	0	5.54
237.4	20	26	7.26
20	20	100	0.20
242.3	20	105	9.53
327.4	22	38	8.45
40	24	60	1.26
196.7	24	71	9.31
268.1	24	74	9.83
80.4	25	90	6.85
171.4	26	0	8.46
341.4	26	90	11.79
300.4	28	0	10.19
121.6	28	38	8.01
122.2	28	79	10.23
240.4	30	0	10.89
225.7	30	41	11.32
31.4	30	70	5.63
340.7	31	1	11.30
122.7	32	28	10.12
191.2	32	47	12.48
30.8	32	63	7.14
211.4	33	0	12.20
330.7	33	2	12.20
88	40	8	23.44
52.3	40	14	24.34
191.5	42	0	28.95
120	0	0	0.00
199	0	78	0.76
268.2	0	88	1.75
71.4	0	170	1.20
280	1	0	1.19
345.9	1	100	2.90
291.4	1	170	6.55
345.9	2	0	1.85
285.4	2	43	1.60
268.2	2	78	1.96
121.3	2	140	1.65
161.4	3	0	0.30
345.9	3	100	3.44
101	5	30	0.01
190.4	6	122	3.66
243.4	8	53	2.92
69.1	8	70	0.00
294.1	8	120	5.87
236.1	10	14	3.18
187.4	10	25	2.36
157.3	10	69	2.16
221.4	10	150	7.63
106.3	12	10	0.45
320.4	13	0	4.97
82.7	13	0	0.10
320.1	13	100	6.90
341.4	15	0	5.78
10.4	16	130	0.04
341.6	18	11	6.87
110.2	18	13	1.86
62.8	18	55	0.52
104.1	18	107	5.01
311.3	18	122	9.98
278.8	20	22	7.55
314	20	38	7.86
345.7	20	49	7.95
174.9	20	86	7.70
20	20	90	0.00
345.9	21	0	7.87
255.2	22	16	8.17
35	22	106	3.00
90.4	23	0	2.72
51.3	24	33	1.23
269.7	24	46	9.18
45.8	24	67	2.03
87.6	36	2	11.35
329.8	36	6	14.79
340.4	37	20	17.72
2.4	40	10	22.94
225.3	42	6	29.82
250.9	0	22	0.77
345.9	0	100	2.71
86.8	0	151	0.86
345.9	1	0	1.68
233.6	2	62	1.33
259.5	2	155	5.35
300.2	3	0	1.69
209.4	4	21	1.08
230.4	4	87	2.32
121.3	4	103	0.68
41.4	4	130	0.00
225	4	144	4.86
200.4	6	34	1.50
272.4	6	45	2.47
86.8	8	114	0.79
10.5	9	151	0.00
99	12	64	0.70
270.4	13	140	8.79
118.9	14	41	1.36
242.3	14	119	7.63
35	14	134	1.16
345.9	15	100	7.73
131.7	16	46	2.57
198.7	16	50	5.23
270.4	18	120	9.67
40	19	100	1.25
139	20	51	4.87
95.8	20	93	4.67
20	21	100	0.45
220	23	0	8.08
240.3	24	0	8.78
301.2	24	22	8.92
345.9	25	0	9.17
300.9	26	71	10.71
57.5	26	74	4.82
223.9	26	75	10.60
21.4	28	0	0.03
294.2	30	18	10.98
10.4	30	70	1.66
60.4	30	70	7.98
20.9	31	63	4.47
100.4	33	0	9.36
302.5	34	48	14.91
190.8	36	10	14.88
262.5	37	0	16.60
226.1	38	20	22.11
259.9	38	26	23.86
226.1	40	6	24.43
294.5	40	15	24.92
259.9	42	2	28.29
160	0	0	0.07
216.3	0	98	1.36
166.4	4	86	1.20
210.4	5	0	1.28
10.4	5	160	0.00
93.2	6	24	0.00
85.4	6	52	0.00
307.7	6	57	2.95
291	6	100	4.11
90	7	0	0.00
31.4	7	141	0.04
259.5	8	153	7.52
345.9	9	100	5.69
60	10	100	0.11
190.4	10	128	5.50
181.7	12	10	2.74
61	12	40	0.00
107.6	12	93	1.72
230.4	14	0	4.58
70.6	14	1	0.02
285.9	14	50	5.60
173.2	14	111	5.90
62	15	100	1.08
79	16	3	0.28
165.1	18	42	4.79
221.5	18	73	7.09
75.5	18	90	2.33
88.9	20	4	1.47
128.1	20	30	3.75
311.3	20	115	10.38
220.2	21	100	9.50
311.3	23	104	11.09
149.7	24	43	7.17
171.5	26	8	8.43
200.2	26	42	9.52
95	26	56	6.03
87.1	26	70	6.45
191.2	26	79	10.59
93.7	26	82	7.70
225.7	28	29	10.26
328.9	30	70	12.76
100.4	32	0	8.74
225.3	32	41	12.52
70.4	33	0	7.83
87.5	34	49	11.38
10.5	34	52	5.81
157.5	36	14	14.38
120.4	37	0	14.66
340.4	39	20	23.91
341.4	40	0	23.48
345.9	0	90	2.42
180	0	100	0.92
259.5	0	127	2.93
301.4	0	170	6.35
129.9	2	58	0.08
100.2	2	70	0.00
91.4	4	160	2.41
190.4	8	125	4.54
121.3	8	131	2.94
52.2	8	136	0.47
20.9	9	143	0.02
307.2	10	46	4.17
78.6	10	92	0.36
30.4	10	150	0.59
51.2	14	97	0.32
40.4	15	70	0.00
330.4	15	130	9.25
203	16	78	6.05
165	16	97	5.82
304.6	18	17	6.83
80.1	18	34	0.83
214.9	20	7	6.82
332	20	82	8.78
20.3	21	40	0.00
165	22	26	6.33
203	22	31	7.59
57.9	22	46	1.18
92.4	22	54	3.45
150.6	22	74	7.36
20	22	80	0.06
345.9	24	0	8.70
41.1	24	10	0.32
52.2	24	15	1.03
85.2	24	69	4.94
11.4	24	100	0.61
151.4	24	100	10.07
297.2	26	0	9.48
18.1	26	5	0.00
180.4	28	80	11.49
340.4	28	80	12.20
330.6	29	0	10.91
190.8	30	33	10.88
211.4	31	0	11.13
250.4	32	60	13.85
52.3	34	34	8.65
156.7	38	9	20.20
330.2	38	12	20.33
200.4	39	0	22.50
260.3	40	3	23.90
53.4	42	1	31.34
345.9	0	0	1.64
61.4	0	160	0.47
328.6	2	162	6.56
51.4	3	120	0.00
345.9	4	0	2.18
161	4	37	0.50
288.3	4	48	2.08
230.3	4	70	1.87
287.9	4	93	3.14
236.2	6	73	2.60
10.8	7	151	0.00
201.4	8	0	1.97
309.3	8	59	3.70
268.7	8	95	4.44
165.9	10	49	2.00
10.4	11	140	0.00
273.8	12	10	4.22
322.9	12	43	4.94
70.4	13	140	3.35
70.4	14	0	0.02
122.2	14	61	1.88
206	14	81	5.29
285.5	16	57	6.62
116.3	16	72	2.69
104.1	16	122	5.10
210.4	16	130	8.96
20	18	100	0.00
341.4	18	120	9.87
36.5	20	43	0.00
20	21	80	0.00
40.3	22	0	0.02
198.6	22	18	7.38
198.5	22	76	8.66
345.9	22	80	9.42
311.3	22	104	10.64
240.1	23	0	8.31
108.2	24	25	4.60
342.5	24	52	9.34
240	25	0	9.00
122.9	26	14	6.33
259.9	32	9	11.85
310.4	32	20	12.02
156.6	32	22	10.96
341.4	34	0	12.75
341.4	35	0	13.43
260.6	36	33	17.12
52.6	36	37	12.92
1.4	39	20	17.18
18.1	40	17	26.80
10.4	42	6	41.50
112.7	0	52	0.00
155.9	0	120	1.05
160.4	0	170	4.04
100.1	1	80	0.00
100	1	90	0.00
250.9	2	68	1.63
86.8	2	147	0.98
139.8	4	13	0.16
294.1	4	124	4.57
328.6	4	137	5.58
282.6	6	26	2.35
20.8	6	159	0.05
100.4	6	160	3.46
311.4	7	0	2.70
319.1	8	22	3.11
90	9	0	0.02
161.4	10	0	1.46
207.6	10	41	2.95
299	12	24	4.51
104.1	12	113	2.62
35	12	122	0.16
40.4	12	140	1.17
282.8	14	6	5.11
171.6	14	26	3.22
66.9	16	26	0.10
240.4	17	0	5.81
78	18	22	0.65
203.7	18	44	6.01
195.6	18	48	5.77
324.2	18	91	8.44
35	18	112	1.25
138.8	20	27	4.26
48.2	20	67	0.64
120.4	21	110	7.86
279.5	22	81	9.55
174.2	24	18	7.68
66.5	24	29	2.02
300.5	26	40	9.77
136.1	26	58	8.23
53.4	26	60	3.46
226.5	26	87	11.20
260.9	26	88	11.49
329.4	28	63	11.28
10.4	29	70	0.73
87.6	30	48	8.08
122.4	30	63	10.35
53.8	32	16	6.05
280.4	33	50	13.78
122.1	34	23	11.17
70.4	41	0	25.75
129.9	0	28	0.00
147.2	0	33	0.04
291.4	0	160	5.45
301	1	0	1.32
155.9	2	118	1.47
17.7	2	169	0.01
336.8	4	17	2.19
342.9	6	92	4.18
281.4	7	0	2.49
262.5	8	11	2.74
193.1	8	12	1.85
327.1	8	47	3.54
116.6	8	51	0.36
120.9	8	73	0.71
259.1	10	26	3.53
52.2	10	108	0.10
85.1	12	27	0.11
332.6	12	74	5.76
11.1	13	138	0.01
66.6	14	38	0.04
201.2	14	86	5.38
284.1	16	13	5.91
172.7	16	19	3.96
126.4	16	51	2.49
106.8	16	57	1.80
118.6	16	81	3.16
273.5	16	82	7.17
173.2	16	109	6.74
121.4	19	0	2.66
20.4	19	80	0.00
20	19	90	0.00
20	19	100	0.06
316.2	20	57	8.12
173.2	20	108	8.82
35	20	112	2.36
61.2	22	13	0.84
126.9	22	17	4.42
34.7	22	65	0.35
173.2	22	108	9.96
66	24	3	1.68
22	24	50	0.00
328.1	24	82	10.27
71.4	26	0	3.10
157	26	33	8.22
121.4	29	0	7.96
200.4	29	70	11.77
250.4	30	0	10.93
260.7	30	56	12.09
162.7	34	50	14.45
11.4	40	0	21.57
121.3	6	116	1.53
119.8	22	73	5.88
233.6	0	38	0.69
199	2	88	1.34
193.1	4	75	1.43
300.6	0	10	1.24
171.4	24	0	7.46