 XXXXXXXXXXXXXXXXXXXXXXXX TRAJECTORY NUMBER        1
   0.000000    0.000000    0.000000      0.000000    0.000000   17.428134
   0.903773    0.068284   11.249521      0.864641    3.508341  -15.127031
  -0.903773    0.131716   10.749570     -0.864641   -3.508341   -2.301103
 XXXXXXXXXXXXXXXXXXXXXXXX TRAJECTORY NUMBER        1
  -0.000000    0.000000    0.544803     -0.000000    0.000000   17.428137
   0.893942    0.177696   10.769374     -1.588299    3.439557  -15.514376
  -0.893942    0.022304   10.684914      1.588299   -3.439557   -1.913761
 XXXXXXXXXXXXXXXXXXXXXXXX TRAJECTORY NUMBER        1
  -0.000000    0.000000    1.089605      0.000000    0.000000   17.428143
   0.798500    0.279189   10.286081     -4.602549    2.972376  -15.271031
  -0.798500   -0.079189   10.623404      4.602549   -2.972376   -2.157112
 XXXXXXXXXXXXXXXXXXXXXXXX TRAJECTORY NUMBER        1
   0.000000    0.000000    1.634408      0.000000    0.000000   17.428155
   0.603694    0.357715    9.825034     -7.824260    1.957513  -14.041838
  -0.603694   -0.157715   10.539649      7.824259   -1.957513   -3.386317
 XXXXXXXXXXXXXXXXXXXXXXXX TRAJECTORY NUMBER        1
   0.000000    0.000000    2.179212      0.000001    0.000001   17.428180
   0.319488    0.397886    9.417256    -10.063270    0.627428  -12.013114
  -0.319488   -0.197886   10.402623     10.063269   -0.627429   -5.415066
 XXXXXXXXXXXXXXXXXXXXXXXX TRAJECTORY NUMBER        1
   0.000000    0.000000    2.724016      0.000001    0.000003   17.428240
  -0.006452    0.401904    9.068650    -10.586171   -0.334195  -10.315614
   0.006452   -0.201904   10.206425     10.586170    0.334191   -7.112627
 XXXXXXXXXXXXXXXXXXXXXXXX TRAJECTORY NUMBER        1
   0.000000    0.000000    3.268824     -0.000002    0.000011   17.428400
  -0.329378    0.372619    8.783280     -9.792853   -1.604393   -7.760907
   0.329378   -0.172619    9.946987      9.792855    1.604382   -9.667493
 XXXXXXXXXXXXXXXXXXXXXXXX TRAJECTORY NUMBER        1
  -0.000000    0.000001    3.813641     -0.000035    0.000036   17.428888
  -0.603053    0.303128    8.583855     -7.556412   -2.758058   -5.121611
   0.603053   -0.103129    9.601594      7.556447    2.758022  -12.307276
 XXXXXXXXXXXXXXXXXXXXXXXX TRAJECTORY NUMBER        1
  -0.000004    0.000003    4.358492     -0.000310    0.000137   17.431058
  -0.797483    0.206100    8.452853     -4.882963   -3.360726   -3.427691
   0.797487   -0.006104    9.187746      4.883273    3.360588  -14.003366
 XXXXXXXXXXXXXXXXXXXXXXXX TRAJECTORY NUMBER        1
  -0.000036    0.000013    4.903529     -0.002196    0.000563   17.443900
  -0.910449    0.097644    8.360320     -2.394388   -3.519251   -2.616868
   0.910485    0.102343    8.735242      2.396584    3.518688  -14.827032
 XXXXXXXXXXXXXXXXXXXXXXXX TRAJECTORY NUMBER        1
  -0.000155    0.000053    5.449605     -0.004576    0.002374   17.503747
  -0.950167   -0.010949    8.282741     -0.184624   -3.388871   -2.432448
   0.950322    0.210896    8.266745      0.189201    3.386497  -15.071298
 XXXXXXXXXXXXXXXXXXXXXXXX TRAJECTORY NUMBER        1
   0.000125    0.000186    5.996033      0.090617    0.023328   17.492458
  -0.925072   -0.112160    8.205229      1.663950   -3.072356   -2.523228
   0.924947    0.311974    7.797829     -1.754567    3.049028  -14.969230
 XXXXXXXXXXXXXXXXXXXXXXXX TRAJECTORY NUMBER        1
   0.015669    0.005998    6.565115      0.944985    0.377324   18.830425
  -0.860172   -0.205012    8.121690      2.067993   -2.985057   -2.669756
   0.844503    0.399015    7.312286     -3.012977    2.607733  -16.160669
 XXXXXXXXXXXXXXXXXXXXXXXX TRAJECTORY NUMBER        1
  -0.109456   -0.064005    7.111403     -8.839719   -5.108203   16.045728
  -0.813327   -0.305733    8.039934      1.489180   -3.122975   -2.294676
   0.922783    0.569738    6.847754      7.350539    8.231178  -13.751052
 XXXXXXXXXXXXXXXXXXXXXXXX TRAJECTORY NUMBER        1
  -0.264359   -0.199656    7.398511      1.489627   -2.314923    0.325056
  -0.900681   -0.441537    8.169165     -9.473649   -6.626763   12.867949
   1.165040    0.841193    6.431415      7.984022    8.941687  -13.193005
 XXXXXXXXXXXXXXXXXXXXXXXX TRAJECTORY NUMBER        1
  -0.205660   -0.270115    7.390316      0.996939   -2.621248    0.755808
  -1.212674   -0.653840    8.591883     -9.152327   -6.469225   12.540631
   1.418335    1.123954    6.016892      8.155388    9.090473  -13.296439
 XXXXXXXXXXXXXXXXXXXXXXXX TRAJECTORY NUMBER        1
  -0.203177   -0.362986    7.448075     -0.585585   -3.220254    2.639478
  -1.470091   -0.845133    8.949755     -7.562251   -5.863314   10.649374
   1.673268    1.408119    5.601260      8.147836    9.083569  -13.288851
 XXXXXXXXXXXXXXXXXXXXXXXX TRAJECTORY NUMBER        1
  -0.229854   -0.466737    7.540526     -1.005661   -3.375143    3.137849
  -1.697939   -1.025167    9.272536     -7.133593   -5.700172   10.142208
   1.927794    1.691904    5.186029      8.139254    9.075315  -13.280057
 XXXXXXXXXXXXXXXXXXXXXXXX TRAJECTORY NUMBER        1
  -0.262536   -0.572702    7.640083     -1.065689   -3.397218    3.208644
  -1.919666   -1.202871    9.588086     -7.072342   -5.676863   10.070040
   2.182202    1.975574    4.770922      8.138032    9.074081  -13.278684
 XXXXXXXXXXXXXXXXXXXXXXXX TRAJECTORY NUMBER        1
  -0.296081   -0.678984    7.740657     -1.079355   -3.402214    3.224679
  -2.140510   -1.380239    9.902596     -7.058368   -5.671545   10.053635
   2.436591    2.259223    4.355838      8.137724    9.073759  -13.278314
 XXXXXXXXXXXXXXXXXXXXXXXX TRAJECTORY NUMBER        1
  -0.329982   -0.785397    7.841649     -1.089054   -3.405830    3.236025
  -2.360992   -1.557470   10.216681     -7.048564   -5.667816   10.042156
   2.690974    2.542866    3.940761      8.137618    9.073646  -13.278181
 XXXXXXXXXXXXXXXXXXXXXXXX TRAJECTORY NUMBER        1
  -0.364128   -0.891901    7.942926     -1.094994   -3.408059    3.242959
  -2.581227   -1.734606   10.530479     -7.042582   -5.665541   10.035167
   2.945355    2.826507    3.525687      8.137576    9.073600  -13.278126
 XXXXXXXXXXXXXXXXXXXXXXXX TRAJECTORY NUMBER        1
  -0.398413   -0.998457    8.044365     -1.098210   -3.409268    3.246706
  -2.801322   -1.911689   10.844112     -7.039347   -5.664311   10.031394
   3.199734    3.110147    3.110614      8.137557    9.073579  -13.278101
 XXXXXXXXXXXXXXXXXXXXXXXX TRAJECTORY NUMBER        1
  -0.432773   -1.105042    8.145892     -1.099976   -3.409932    3.248760
  -3.021341   -2.088744   11.157658     -7.037573   -5.663636   10.029328
   3.454114    3.393786    2.695541      8.137549    9.073569  -13.278088
 XXXXXXXXXXXXXXXXXXXXXXXX TRAJECTORY NUMBER        1
  -0.467176   -1.211643    8.247468     -1.100992   -3.410315    3.249940
  -3.241318   -2.265782   11.471154     -7.036552   -5.663248   10.028142
   3.708493    3.677425    2.280469      8.137544    9.073563  -13.278082
 XXXXXXXXXXXXXXXXXXXXXXXX TRAJECTORY NUMBER        1
  -0.501603   -1.318253    8.349073     -1.101601   -3.410545    3.250648
  -3.461269   -2.442811   11.784621     -7.035940   -5.663016   10.027431
   3.962872    3.961064    1.865397      8.137541    9.073560  -13.278078
 XXXXXXXXXXXXXXXXXXXXXXXX TRAJECTORY NUMBER        1
  -0.536045   -1.424869    8.450695     -1.101980   -3.410687    3.251086
  -3.681206   -2.619834   12.098070     -7.035560   -5.662871   10.026990
   4.217251    4.244703    1.450325      8.137540    9.073559  -13.278076
 XXXXXXXXXXXXXXXXXXXXXXXX TRAJECTORY NUMBER        1
  -0.570497   -1.531489    8.552329     -1.102221   -3.410779    3.251366
  -3.901133   -2.796854   12.411509     -7.035318   -5.662779   10.026709
   4.471630    4.528342    1.035253      8.137539    9.073558  -13.278075
 XXXXXXXXXXXXXXXXXXXXXXXX TRAJECTORY NUMBER        1
  -0.604955   -1.638110    8.653970     -1.102380   -3.410838    3.251550
  -4.121054   -2.973871   12.724940     -7.035159   -5.662719   10.026524
   4.726009    4.811981    0.620181      8.137538    9.073557  -13.278074
 XXXXXXXXXXXXXXXXXXXXXXXX TRAJECTORY NUMBER        1
  -0.639417   -1.744734    8.755615     -1.102486   -3.410879    3.251673
  -4.340971   -3.150886   13.038367     -7.035052   -5.662678   10.026401
   4.980388    5.095620    0.205109      8.137538    9.073557  -13.278074
 XXXXXXXXXXXXXXXXXXXXXXXX TRAJECTORY NUMBER        1
  -0.673882   -1.851358    8.857263     -1.102559   -3.410906    3.251757
  -4.560885   -3.327901   13.351790     -7.034979   -5.662650   10.026316
   5.234767    5.379259   -0.209962      8.137538    9.073556  -13.278073
 XXXXXXXXXXXXXXXXXXXXXXXX TRAJECTORY NUMBER        1
  -0.708349   -1.957983    8.958914     -1.102610   -3.410925    3.251816
  -4.780798   -3.504915   13.665211     -7.034927   -5.662631   10.026257
   5.489146    5.662898   -0.625034      8.137538    9.073556  -13.278073
 XXXXXXXXXXXXXXXXXXXXXXXX TRAJECTORY NUMBER        1
  -0.742817   -2.064609    9.060566     -1.102647   -3.410939    3.251858
  -5.000708   -3.681928   13.978631     -7.034891   -5.662617   10.026215
   5.743525    5.946537   -1.040106      8.137538    9.073556  -13.278073
 XXXXXXXXXXXXXXXXXXXXXXXX TRAJECTORY NUMBER        1
  -0.777286   -2.171234    9.162220     -1.102673   -3.410949    3.251888
  -5.220618   -3.858941   14.292049     -7.034865   -5.662607   10.026184
   5.997904    6.230176   -1.455178      8.137538    9.073556  -13.278073
 XXXXXXXXXXXXXXXXXXXXXXXX TRAJECTORY NUMBER        1
  -0.811756   -2.277861    9.263874     -1.102692   -3.410956    3.251911
  -5.440527   -4.035954   14.605467     -7.034845   -5.662600   10.026162
   6.252283    6.513814   -1.870250      8.137537    9.073556  -13.278073
 XXXXXXXXXXXXXXXXXXXXXXXX TRAJECTORY NUMBER        1
  -0.846226   -2.384487    9.365529     -1.102706   -3.410962    3.251927
  -5.660436   -4.212966   14.918884     -7.034831   -5.662594   10.026145
   6.506662    6.797453   -2.285322      8.137537    9.073556  -13.278072
 XXXXXXXXXXXXXXXXXXXXXXXX TRAJECTORY NUMBER        1
  -0.880697   -2.491114    9.467184     -1.102717   -3.410966    3.251940
  -5.880344   -4.389978   15.232300     -7.034820   -5.662590   10.026133
   6.761041    7.081092   -2.700393      8.137537    9.073556  -13.278072
 XXXXXXXXXXXXXXXXXXXXXXXX TRAJECTORY NUMBER        1
  -0.915168   -2.597740    9.568840     -1.102726   -3.410969    3.251949
  -6.100252   -4.566991   15.545716     -7.034812   -5.662587   10.026123
   7.015420    7.364731   -3.115465      8.137537    9.073556  -13.278072
 XXXXXXXXXXXXXXXXXXXXXXXX TRAJECTORY NUMBER        1
  -0.949639   -2.704367    9.670496     -1.102732   -3.410971    3.251956
  -6.320160   -4.744003   15.859132     -7.034806   -5.662584   10.026116
   7.269799    7.648370   -3.530537      8.137537    9.073556  -13.278072
 XXXXXXXXXXXXXXXXXXXXXXXX TRAJECTORY NUMBER        1
  -0.984111   -2.810994    9.772152     -1.102737   -3.410973    3.251962
  -6.540067   -4.921015   16.172548     -7.034801   -5.662583   10.026110
   7.524178    7.932009   -3.945609      8.137537    9.073556  -13.278072
 XXXXXXXXXXXXXXXXXXXXXXXX TRAJECTORY NUMBER        1
  -1.018582   -2.917621    9.873808     -1.102741   -3.410975    3.251966
  -6.759975   -5.098027   16.485964     -7.034797   -5.662581   10.026106
   7.778557    8.215647   -4.360681      8.137537    9.073556  -13.278072
 XXXXXXXXXXXXXXXXXXXXXXXX TRAJECTORY NUMBER        1
  -1.053054   -3.024248    9.975464     -1.102744   -3.410976    3.251970
  -6.979882   -5.275039   16.799379     -7.034794   -5.662580   10.026102
   8.032936    8.499286   -4.775752      8.137537    9.073556  -13.278072
 XXXXXXXXXXXXXXXXXXXXXXXX TRAJECTORY NUMBER        1
  -1.087525   -3.130874   10.077121     -1.102746   -3.410977    3.251973
  -7.199789   -5.452051   17.112794     -7.034791   -5.662579   10.026100
   8.287315    8.782925   -5.190824      8.137537    9.073556  -13.278072
 XXXXXXXXXXXXXXXXXXXXXXXX TRAJECTORY NUMBER        1
  -1.121997   -3.237501   10.178777     -1.102748   -3.410977    3.251975
  -7.419697   -5.629063   17.426210     -7.034789   -5.662578   10.026097
   8.541694    9.066564   -5.605896      8.137537    9.073556  -13.278072
 XXXXXXXXXXXXXXXXXXXXXXXX TRAJECTORY NUMBER        1
  -1.156469   -3.344128   10.280434     -1.102750   -3.410978    3.251977
  -7.639604   -5.806074   17.739625     -7.034788   -5.662578   10.026096
   8.796073    9.350203   -6.020968      8.137537    9.073556  -13.278072
 XXXXXXXXXXXXXXXXXXXXXXXX TRAJECTORY NUMBER        1
  -1.190941   -3.450755   10.382090     -1.102751   -3.410979    3.251978
  -7.859511   -5.983086   18.053040     -7.034786   -5.662577   10.026094
   9.050452    9.633842   -6.436040      8.137537    9.073556  -13.278072
 XXXXXXXXXXXXXXXXXXXXXXXX TRAJECTORY NUMBER        1
  -1.225413   -3.557382   10.483747     -1.102752   -3.410979    3.251979
  -8.079418   -6.160098   18.366455     -7.034785   -5.662577   10.026093
   9.304831    9.917481   -6.851111      8.137537    9.073556  -13.278072
 XXXXXXXXXXXXXXXXXXXXXXXX TRAJECTORY NUMBER        1
  -1.259885   -3.664009   10.585404     -1.102753   -3.410979    3.251980
  -8.299325   -6.337110   18.679870     -7.034785   -5.662576   10.026092
   9.559210   10.201119   -7.266183      8.137537    9.073556  -13.278072
 XXXXXXXXXXXXXXXXXXXXXXXX TRAJECTORY NUMBER        1
  -1.294357   -3.770636   10.687060     -1.102754   -3.410980    3.251981
  -8.519232   -6.514122   18.993285     -7.034784   -5.662576   10.026091
   9.813589   10.484758   -7.681255      8.137537    9.073556  -13.278072
 XXXXXXXXXXXXXXXXXXXXXXXX TRAJECTORY NUMBER        1
  -1.328829   -3.877263   10.788717     -1.102754   -3.410980    3.251982
  -8.739139   -6.691134   19.306700     -7.034783   -5.662576   10.026090
  10.067968   10.768397   -8.096327      8.137537    9.073556  -13.278072
 XXXXXXXXXXXXXXXXXXXXXXXX TRAJECTORY NUMBER        1
  -1.363301   -3.983891   10.890374     -1.102755   -3.410980    3.251982
  -8.959046   -6.868145   19.620116     -7.034783   -5.662576   10.026090
  10.322347   11.052036   -8.511399      8.137537    9.073556  -13.278072
 XXXXXXXXXXXXXXXXXXXXXXXX TRAJECTORY NUMBER        1
  -1.397773   -4.090518   10.992031     -1.102755   -3.410980    3.251983
  -9.178952   -7.045157   19.933531     -7.034782   -5.662576   10.026089
  10.576726   11.335675   -8.926470      8.137537    9.073556  -13.278072
 XXXXXXXXXXXXXXXXXXXXXXXX TRAJECTORY NUMBER        1
  -1.432245   -4.197145   11.093688     -1.102755   -3.410980    3.251983
  -9.398859   -7.222169   20.246946     -7.034782   -5.662575   10.026089
  10.831105   11.619314   -9.341542      8.137537    9.073556  -13.278072
 XXXXXXXXXXXXXXXXXXXXXXXX TRAJECTORY NUMBER        1
  -1.466717   -4.303772   11.195344     -1.102756   -3.410980    3.251984
  -9.618766   -7.399181   20.560360     -7.034782   -5.662575   10.026089
  11.085484   11.902953   -9.756614      8.137537    9.073556  -13.278072
 XXXXXXXXXXXXXXXXXXXXXXXX TRAJECTORY NUMBER        1
  -1.501189   -4.410399   11.297001     -1.102756   -3.410980    3.251984
  -9.838673   -7.576193   20.873775     -7.034781   -5.662575   10.026088
  11.339862   12.186591  -10.171686      8.137537    9.073556  -13.278072
 XXXXXXXXXXXXXXXXXXXXXXXX TRAJECTORY NUMBER        1
  -1.535661   -4.517026   11.398658     -1.102756   -3.410981    3.251984
 -10.058580   -7.753204   21.187190     -7.034781   -5.662575   10.026088
  11.594241   12.470230  -10.586758      8.137537    9.073556  -13.278072
 XXXXXXXXXXXXXXXXXXXXXXXX TRAJECTORY NUMBER        1
  -1.570134   -4.623653   11.500315     -1.102756   -3.410981    3.251984
 -10.278487   -7.930216   21.500605     -7.034781   -5.662575   10.026088
  11.848620   12.753869  -11.001829      8.137537    9.073556  -13.278072
 XXXXXXXXXXXXXXXXXXXXXXXX TRAJECTORY NUMBER        1
  -1.604606   -4.730280   11.601972     -1.102756   -3.410981    3.251985
 -10.498394   -8.107228   21.814020     -7.034781   -5.662575   10.026088
  12.102999   13.037508  -11.416901      8.137537    9.073556  -13.278072
 XXXXXXXXXXXXXXXXXXXXXXXX TRAJECTORY NUMBER        1
  -1.639078   -4.836907   11.703629     -1.102757   -3.410981    3.251985
 -10.718301   -8.284240   22.127435     -7.034781   -5.662575   10.026088
  12.357378   13.321147  -11.831973      8.137537    9.073556  -13.278072
 XXXXXXXXXXXXXXXXXXXXXXXX TRAJECTORY NUMBER        1
  -1.673550   -4.943534   11.805286     -1.102757   -3.410981    3.251985
 -10.938207   -8.461252   22.440850     -7.034781   -5.662575   10.026087
  12.611757   13.604786  -12.247045      8.137537    9.073556  -13.278072
 XXXXXXXXXXXXXXXXXXXXXXXX TRAJECTORY NUMBER        1
  -1.708022   -5.050161   11.906942     -1.102757   -3.410981    3.251985
 -11.158114   -8.638263   22.754265     -7.034780   -5.662575   10.026087
  12.866136   13.888424  -12.662117      8.137537    9.073556  -13.278072
 XXXXXXXXXXXXXXXXXXXXXXXX TRAJECTORY NUMBER        1
  -1.728705   -5.114137   11.967937     -1.102757   -3.410981    3.251985
 -11.290058   -8.744470   22.942314     -7.034780   -5.662575   10.026087
  13.018764   14.058608  -12.911160      8.137537    9.073556  -13.278072
 XXXXXXXXXXXXXXXXXXXXXXXX TRAJECTORY NUMBER        2
   0.000000    0.000000    0.000000      0.000000    0.000000   17.428134
  -0.192801    0.954081   11.269488      7.537382    0.494219   -9.423463
   0.192801   -0.754081   10.729603     -7.537382   -0.494219   -8.004671
 XXXXXXXXXXXXXXXXXXXXXXXX TRAJECTORY NUMBER        2
   0.000000   -0.000000    0.544803      0.000000   -0.000000   17.428137
   0.048002    0.929163   10.962597      7.751575   -2.197826  -10.229784
  -0.048002   -0.729163   10.491692     -7.751575    2.197826   -7.198353
 XXXXXXXXXXXXXXXXXXXXXXXX TRAJECTORY NUMBER        2
   0.000000   -0.000000    1.089605     -0.000000   -0.000000   17.428143
   0.282120    0.810754   10.629301      7.034566   -5.433765  -11.088736
  -0.282120   -0.610754   10.280184     -7.034566    5.433765   -6.339407
 XXXXXXXXXXXXXXXXXXXXXXXX TRAJECTORY NUMBER        2
  -0.000000   -0.000000    1.634408     -0.000000   -0.000000   17.428154
   0.475109    0.591614   10.271397      5.148551   -8.422736  -11.743651
  -0.475109   -0.391614   10.093286     -5.148551    8.422736   -5.684504
 XXXXXXXXXXXXXXXXXXXXXXXX TRAJECTORY NUMBER        2
  -0.000000   -0.000000    2.179212     -0.000000    0.000000   17.428177
   0.602915    0.302299    9.900481      3.142554   -9.780960  -11.911237
  -0.602915   -0.102299    9.919398     -3.142554    9.780960   -5.516941
 XXXXXXXXXXXXXXXXXXXXXXXX TRAJECTORY NUMBER        2
  -0.000000    0.000000    2.724016      0.000000    0.000001   17.428228
   0.668518   -0.008049    9.530494      0.791008   -9.899940  -11.679715
  -0.668518    0.208049    9.744581     -0.791008    9.899939   -5.748513
 XXXXXXXXXXXXXXXXXXXXXXXX TRAJECTORY NUMBER        2
   0.000000    0.000000    3.268823      0.000003    0.000002   17.428350
   0.641892   -0.301401    9.175880     -2.469844   -8.632943  -10.942690
  -0.641892    0.501401    9.554387      2.469842    8.632941   -6.485660
 XXXXXXXXXXXXXXXXXXXXXXXX TRAJECTORY NUMBER        2
   0.000000    0.000000    3.813637      0.000016   -0.000005   17.428701
   0.522777   -0.538113    8.848184     -4.963236   -6.438153  -10.023141
  -0.522777    0.738113    9.337270      4.963220    6.438158   -7.405560
 XXXXXXXXXXXXXXXXXXXXXXXX TRAJECTORY NUMBER        2
   0.000002   -0.000001    4.358475      0.000096   -0.000121   17.430290
   0.342982   -0.702793    8.548262     -6.379097   -4.116067   -9.189586
  -0.342983    0.902795    9.092354      6.379001    4.116188   -8.240704
 XXXXXXXXXXXXXXXXXXXXXXXX TRAJECTORY NUMBER        2
   0.000011   -0.000023    4.903481      0.000597   -0.001943   17.443312
   0.132334   -0.797429    8.272034     -6.988415   -1.974458   -8.510021
  -0.132345    0.997452    8.823576      6.987818    1.976401   -8.933291
 XXXXXXXXXXXXXXXXXXXXXXXX TRAJECTORY NUMBER        2
   0.000037   -0.000152    5.449454      0.001043   -0.003119   17.488339
  -0.088178   -0.828141    8.014731     -7.040180   -0.015006   -7.962483
   0.088141    1.028293    8.534907      7.039137    0.018124   -9.525856
 XXXXXXXXXXXXXXXXXXXXXXXX TRAJECTORY NUMBER        2
  -0.000173   -0.001028    5.997276     -0.048498   -0.158865   17.682890
  -0.303267   -0.799988    7.771940     -6.649874    1.794641   -7.790368
   0.303440    1.001016    8.229875      6.698372   -1.635776   -9.892522
 XXXXXXXXXXXXXXXXXXXXXXXX TRAJECTORY NUMBER        2
  -0.007368   -0.017609    6.574570     -0.449274   -0.890746   19.285484
  -0.500628   -0.720202    7.507766     -6.047331    3.042652   -9.140756
   0.507997    0.937811    7.916754      6.496605   -2.151906  -10.144729
 XXXXXXXXXXXXXXXXXXXXXXXX TRAJECTORY NUMBER        2
   0.045640    0.028787    7.140762      5.729672    5.212171   15.004125
  -0.767654   -0.715260    7.261731    -12.672988   -3.923178   -5.359989
   0.722014    0.886473    7.596598      6.943316   -1.288993   -9.644136
 XXXXXXXXXXXXXXXXXXXXXXXX TRAJECTORY NUMBER        2
   0.204802    0.122644    7.564234      3.904168    0.696863   13.788551
  -1.201262   -0.855144    7.107628    -14.589396   -4.734392   -5.118574
   0.996461    0.932501    7.327228     10.685228    4.037529   -8.669977
 XXXXXXXXXXXXXXXXXXXXXXXX TRAJECTORY NUMBER        2
   0.348641    0.160961    7.992306      5.684470    2.207421   12.969295
  -1.660421   -1.003943    6.943485    -14.727036   -4.774821   -5.296040
   1.311780    1.042982    7.063300      9.042566    2.567400   -7.673255
 XXXXXXXXXXXXXXXXXXXXXXXX TRAJECTORY NUMBER        2
   0.553215    0.253995    8.367306      7.144397    3.499866   11.201818
  -2.120417   -1.152980    6.778046    -14.699896   -4.759138   -5.284959
   1.567201    1.098985    6.853738      7.555500    1.259272   -5.916859
 XXXXXXXXXXXXXXXXXXXXXXXX TRAJECTORY NUMBER        2
   0.782968    0.368672    8.706834      7.448774    3.747461   10.683392
  -2.579781   -1.301669    6.612921    -14.692858   -4.755440   -5.281213
   1.796813    1.132997    6.679335      7.244084    1.007979   -5.402179
 XXXXXXXXXXXXXXXXXXXXXXXX TRAJECTORY NUMBER        2
   1.016286    0.486166    9.039775      7.470390    3.763371   10.635092
  -3.039063   -1.450316    6.447838    -14.692009   -4.755013   -5.280830
   2.022777    1.164150    6.511477      7.221619    0.991642   -5.354262
 XXXXXXXXXXXXXXXXXXXXXXXX TRAJECTORY NUMBER        2
   1.249902    0.603869    9.371972      7.475732    3.766800   10.619927
  -3.498330   -1.598955    6.282762    -14.691761   -4.754893   -5.280732
   2.248428    1.195086    6.344357      7.216029    0.988092   -5.339196
 XXXXXXXXXXXXXXXXXXXXXXXX TRAJECTORY NUMBER        2
   1.483634    0.721643    9.703818      7.477943    3.768040   10.612554
  -3.957592   -1.747592    6.117687    -14.691669   -4.754850   -5.280699
   2.473958    1.225949    6.177586      7.213726    0.986810   -5.331855
 XXXXXXXXXXXXXXXXXXXXXXXX TRAJECTORY NUMBER        2
   1.717407    0.839438   10.035514      7.478679    3.768389   10.609689
  -4.416852   -1.896228    5.952613    -14.691629   -4.754832   -5.280687
   2.699444    1.256790    6.010964      7.212950    0.986443   -5.329002
 XXXXXXXXXXXXXXXXXXXXXXXX TRAJECTORY NUMBER        2
   1.951195    0.957239   10.367151      7.478946    3.768493   10.608493
  -4.876111   -2.044863    5.787539    -14.691611   -4.754824   -5.280681
   2.924916    1.287624    5.844401      7.212665    0.986331   -5.327811
 XXXXXXXXXXXXXXXXXXXXXXXX TRAJECTORY NUMBER        2
   2.184988    1.075043   10.698762      7.479053    3.768525   10.607949
  -5.335370   -2.193499    5.622465    -14.691601   -4.754820   -5.280679
   3.150381    1.318456    5.677863      7.212548    0.986295   -5.327270
 XXXXXXXXXXXXXXXXXXXXXXXX TRAJECTORY NUMBER        2
   2.418784    1.192847   11.030362      7.479100    3.768534   10.607684
  -5.794628   -2.342134    5.457392    -14.691596   -4.754817   -5.280678
   3.375844    1.349287    5.511338      7.212496    0.986283   -5.327007
 XXXXXXXXXXXXXXXXXXXXXXXX TRAJECTORY NUMBER        2
   2.652581    1.310651   11.361955      7.479121    3.768536   10.607548
  -6.253887   -2.490770    5.292318    -14.691593   -4.754816   -5.280677
   3.601306    1.380118    5.344818      7.212471    0.986280   -5.326871
 XXXXXXXXXXXXXXXXXXXXXXXX TRAJECTORY NUMBER        2
   2.886378    1.428455   11.693545      7.479132    3.768537   10.607473
  -6.713145   -2.639405    5.127244    -14.691591   -4.754815   -5.280676
   3.826767    1.410949    5.178302      7.212459    0.986279   -5.326797
 XXXXXXXXXXXXXXXXXXXXXXXX TRAJECTORY NUMBER        2
   3.120175    1.546260   12.025133      7.479138    3.768536   10.607431
  -7.172403   -2.788040    4.962171    -14.691590   -4.754815   -5.280676
   4.052228    1.441781    5.011787      7.212452    0.986279   -5.326754
 XXXXXXXXXXXXXXXXXXXXXXXX TRAJECTORY NUMBER        2
   3.353973    1.664064   12.356720      7.479141    3.768535   10.607405
  -7.631661   -2.936675    4.797097    -14.691589   -4.754815   -5.280676
   4.277689    1.472612    4.845274      7.212448    0.986279   -5.326729
 XXXXXXXXXXXXXXXXXXXXXXXX TRAJECTORY NUMBER        2
   3.587770    1.781868   12.688307      7.479142    3.768535   10.607390
  -8.090920   -3.085311    4.632023    -14.691589   -4.754814   -5.280676
   4.503149    1.503443    4.678761      7.212446    0.986280   -5.326714
 XXXXXXXXXXXXXXXXXXXXXXXX TRAJECTORY NUMBER        2
   3.821568    1.899672   13.019893      7.479143    3.768535   10.607380
  -8.550178   -3.233946    4.466950    -14.691588   -4.754814   -5.280676
   4.728610    1.534274    4.512248      7.212445    0.986280   -5.326704
 XXXXXXXXXXXXXXXXXXXXXXXX TRAJECTORY NUMBER        2
   4.055365    2.017476   13.351479      7.479144    3.768534   10.607373
  -9.009436   -3.382581    4.301876    -14.691588   -4.754814   -5.280676
   4.954071    1.565105    4.345736      7.212444    0.986280   -5.326697
 XXXXXXXXXXXXXXXXXXXXXXXX TRAJECTORY NUMBER        2
   4.289163    2.135281   13.683065      7.479144    3.768534   10.607369
  -9.468694   -3.531216    4.136802    -14.691588   -4.754814   -5.280676
   5.179531    1.595936    4.179223      7.212444    0.986280   -5.326693
 XXXXXXXXXXXXXXXXXXXXXXXX TRAJECTORY NUMBER        2
   4.522961    2.253085   14.014651      7.479145    3.768534   10.607366
  -9.927953   -3.679852    3.971729    -14.691588   -4.754814   -5.280676
   5.404992    1.626767    4.012711      7.212443    0.986280   -5.326690
 XXXXXXXXXXXXXXXXXXXXXXXX TRAJECTORY NUMBER        2
   4.756758    2.370889   14.346237      7.479145    3.768534   10.607364
 -10.387211   -3.828487    3.806655    -14.691588   -4.754814   -5.280676
   5.630452    1.657598    3.846199      7.212443    0.986281   -5.326688
 XXXXXXXXXXXXXXXXXXXXXXXX TRAJECTORY NUMBER        2
   4.990556    2.488693   14.677822      7.479145    3.768534   10.607363
 -10.846469   -3.977122    3.641581    -14.691588   -4.754814   -5.280676
   5.855913    1.688429    3.679687      7.212443    0.986281   -5.326687
 XXXXXXXXXXXXXXXXXXXXXXXX TRAJECTORY NUMBER        2
   5.224354    2.606497   15.009408      7.479145    3.768533   10.607361
 -11.305727   -4.125757    3.476508    -14.691588   -4.754814   -5.280676
   6.081374    1.719260    3.513175      7.212443    0.986281   -5.326686
 XXXXXXXXXXXXXXXXXXXXXXXX TRAJECTORY NUMBER        2
   5.458151    2.724301   15.340993      7.479145    3.768533   10.607361
 -11.764985   -4.274392    3.311434    -14.691588   -4.754814   -5.280676
   6.306834    1.750091    3.346664      7.212443    0.986281   -5.326685
 XXXXXXXXXXXXXXXXXXXXXXXX TRAJECTORY NUMBER        2
   5.691949    2.842105   15.672579      7.479145    3.768533   10.607360
 -12.224244   -4.423028    3.146361    -14.691588   -4.754814   -5.280676
   6.532295    1.780922    3.180152      7.212443    0.986281   -5.326684
 XXXXXXXXXXXXXXXXXXXXXXXX TRAJECTORY NUMBER        2
   5.925747    2.959910   16.004164      7.479145    3.768533   10.607360
 -12.683502   -4.571663    2.981287    -14.691588   -4.754814   -5.280676
   6.757755    1.811753    3.013640      7.212443    0.986281   -5.326684
 XXXXXXXXXXXXXXXXXXXXXXXX TRAJECTORY NUMBER        2
   6.159544    3.077714   16.335750      7.479145    3.768533   10.607359
 -13.142760   -4.720298    2.816213    -14.691587   -4.754814   -5.280676
   6.983216    1.842584    2.847128      7.212443    0.986281   -5.326684
 XXXXXXXXXXXXXXXXXXXXXXXX TRAJECTORY NUMBER        2
   6.393342    3.195518   16.667335      7.479145    3.768533   10.607359
 -13.602018   -4.868933    2.651140    -14.691587   -4.754814   -5.280676
   7.208676    1.873415    2.680616      7.212442    0.986281   -5.326683
 XXXXXXXXXXXXXXXXXXXXXXXX TRAJECTORY NUMBER        2
   6.627140    3.313322   16.998921      7.479145    3.768533   10.607359
 -14.061277   -5.017569    2.486066    -14.691587   -4.754814   -5.280676
   7.434137    1.904247    2.514104      7.212442    0.986281   -5.326683
 XXXXXXXXXXXXXXXXXXXXXXXX TRAJECTORY NUMBER        2
   6.825868    3.413456   17.280768      7.479145    3.768533   10.607359
 -14.451646   -5.143909    2.345753    -14.691587   -4.754814   -5.280676
   7.625778    1.930453    2.372569      7.212442    0.986281   -5.326683
 XXXXXXXXXXXXXXXXXXXXXXXX TRAJECTORY NUMBER        3
   0.000000    0.000000    0.000000      0.000000    0.000000   17.428134
   0.958233   -0.122031   10.935100      1.434881    6.111096  -11.686068
  -0.958233    0.322031   11.063991     -1.434881   -6.111096   -5.742066
 XXXXXXXXXXXXXXXXXXXXXXXX TRAJECTORY NUMBER        3
   0.000000    0.000000    0.544803      0.000000    0.000000   17.428137
   0.978004    0.073093   10.572249     -0.164495    6.317834  -11.505385
  -0.978004    0.126907   10.882039      0.164495   -6.317834   -5.922752
 XXXXXXXXXXXXXXXXXXXXXXXX TRAJECTORY NUMBER        3
   0.000000    0.000000    1.089605      0.000000    0.000000   17.428143
   0.948487    0.269618   10.217184     -1.712040    6.203610  -11.190317
  -0.948487   -0.069618   10.692302      1.712040   -6.203610   -6.237826
 XXXXXXXXXXXXXXXXXXXXXXXX TRAJECTORY NUMBER        3
   0.000000    0.000000    1.634408      0.000000    0.000000   17.428154
   0.871926    0.457738    9.873898     -3.167508    5.781797  -10.753702
  -0.871926   -0.257738   10.490785      3.167507   -5.781798   -6.674453
 XXXXXXXXXXXXXXXXXXXXXXXX TRAJECTORY NUMBER        3
   0.000000    0.000000    2.179212      0.000001    0.000001   17.428178
   0.751854    0.627974    9.546018     -4.488683    5.060199  -10.206231
  -0.751854   -0.427974   10.273861      4.488682   -5.060200   -7.221947
 XXXXXXXXXXXXXXXXXXXXXXXX TRAJECTORY NUMBER        3
   0.000000    0.000000    2.724016      0.000003    0.000004   17.428230
   0.593154    0.770988    9.236877     -5.631203    4.039371   -9.555737
  -0.593154   -0.570988   10.038198      5.631200   -4.039375   -7.872493
 XXXXXXXXXXXXXXXXXXXXXXXX TRAJECTORY NUMBER        3
   0.000000    0.000000    3.268823      0.000008    0.000013   17.428361
   0.402182    0.877265    8.949636     -6.543717    2.705828   -8.805005
  -0.402182   -0.677266    9.780631      6.543709   -2.705841   -8.623357
 XXXXXXXXXXXXXXXXXXXXXXXX TRAJECTORY NUMBER        3
   0.000001    0.000001    3.775500      0.000018    0.000047   17.428700
   0.202804    0.934132    8.704943     -7.122178    1.151845   -8.013078
  -0.202805   -0.734133    9.518648      7.122161   -1.151892   -9.415622
 XXXXXXXXXXXXXXXXXXXXXXXX TRAJECTORY NUMBER        3
   0.000001    0.000001    3.813638      0.000019    0.000052   17.428745
   0.187186    0.936510    8.687478     -7.152678    1.021177   -7.949598
  -0.187186   -0.736511    9.497975      7.152659   -1.021229   -9.479147
 XXXXXXXXXXXXXXXXXXXXXXXX TRAJECTORY NUMBER        3
   0.000001    0.000006    4.358479      0.000028    0.000322   17.430522
  -0.040513    0.936722    8.453808     -7.326784   -1.084947   -6.981589
   0.040512   -0.736728    9.186803      7.326756    1.084625  -10.448933
 XXXXXXXXXXXXXXXXXXXXXXXX TRAJECTORY NUMBER        3
  -0.000002    0.000045    4.903514     -0.000552    0.003131   17.445835
  -0.263804    0.863544    8.251959     -6.815812   -3.678262   -5.925544
   0.263806   -0.663589    8.843618      6.816364    3.675132  -11.520291
 XXXXXXXXXXXXXXXXXXXXXXXX TRAJECTORY NUMBER        3
  -0.000064    0.000271    5.449859     -0.002842    0.010237   17.516403
  -0.455660    0.703174    8.082625     -5.264743   -6.582936   -4.940944
   0.455723   -0.503445    8.466607      5.267585    6.572699  -12.575459
 XXXXXXXXXXXXXXXXXXXXXXXX TRAJECTORY NUMBER        3
  -0.000626    0.000821    5.993382     -0.061357    0.035886   17.067425
  -0.583308    0.458778    7.940139     -2.823734   -8.845954   -4.238601
   0.583934   -0.259599    8.065569      2.885092    8.810067  -12.828824
 XXXXXXXXXXXXXXXXXXXXXXXX TRAJECTORY NUMBER        3
  -0.004008    0.002506    6.527434     -0.375908    0.124141   17.498847
  -0.660232    0.174210    7.807180     -3.030543   -9.046827   -4.664288
   0.664239    0.023284    7.664478      3.406451    8.922687  -12.834558
 XXXXXXXXXXXXXXXXXXXXXXXX TRAJECTORY NUMBER        3
  -0.092992   -0.012296    6.932170     -4.558516   -1.196316    8.201979
  -0.811987   -0.111629    7.699990     -9.205903   -9.724904   -0.926224
   0.904979    0.323925    7.366931     13.764419   10.921220   -7.275755
 XXXXXXXXXXXXXXXXXXXXXXXX TRAJECTORY NUMBER        3
  -0.170470   -0.040725    7.090334     -1.873932   -0.943416    3.208421
  -1.190238   -0.433480    7.759162    -12.715505  -10.321207    3.229400
   1.360709    0.674205    7.149595     14.589437   11.264623   -6.437821
 XXXXXXXXXXXXXXXXXXXXXXXX TRAJECTORY NUMBER        3
  -0.269958   -0.089300    7.203898     -4.734468   -2.301069    4.347264
  -1.550785   -0.739415    7.843544    -10.114564   -9.110142    1.968655
   1.820743    1.028715    6.951648     14.849032   11.411210   -6.315919
 XXXXXXXXXXXXXXXXXXXXXXXX TRAJECTORY NUMBER        3
  -0.463838   -0.185940    7.360841     -7.602563   -3.888611    5.615995
  -1.821277   -0.999588    7.884043     -7.236918   -7.516907    0.696763
   2.285114    1.385529    6.754208     14.839481   11.405518   -6.312758
 XXXXXXXXXXXXXXXXXXXXXXXX TRAJECTORY NUMBER        3
  -0.687852   -0.303815    7.515167     -9.900640   -5.352903    6.396793
  -1.977356   -1.173906    7.891464     -4.921416   -6.042522   -0.088250
   2.665207    1.677721    6.592460     14.822056   11.395426   -6.308543
 XXXXXXXXXXXXXXXXXXXXXXXX TRAJECTORY NUMBER        3
  -0.745040   -0.334942    7.551581    -10.427773   -5.713399    6.544729
  -2.003565   -1.206897    7.890546     -4.393451   -5.681532   -0.236419
   2.748605    1.741839    6.556964     14.821224   11.394931   -6.308310
 XXXXXXXXXXXXXXXXXXXXXXXX TRAJECTORY NUMBER        3
  -1.115679   -0.546105    7.766195    -13.078950   -7.693400    7.080965
  -2.096212   -1.351924    7.873122     -1.741138   -3.700848   -0.772992
   3.211891    2.098029    6.359774     14.820088   11.394248   -6.307973
 XXXXXXXXXXXXXXXXXXXXXXXX TRAJECTORY NUMBER        3
  -1.489137   -0.752400    7.990045     -8.785787   -3.430379    7.525977
  -2.186026   -1.501811    7.846458     -6.034141   -7.963768   -1.218056
   3.675163    2.454210    6.162588     14.819927   11.394147   -6.307921
 XXXXXXXXXXXXXXXXXXXXXXXX TRAJECTORY NUMBER        3
  -1.702412   -0.790332    8.242062     -6.635683   -1.051583    8.051806
  -2.436020   -1.820058    7.791626     -8.184193  -10.342531   -1.743903
   4.138432    2.810390    5.965403     14.819877   11.394115   -6.307903
 XXXXXXXXXXXXXXXXXXXXXXXX TRAJECTORY NUMBER        3
  -1.937889   -0.865378    8.473052     -8.415193   -3.812050    6.632769
  -2.663811   -2.101191    7.757820     -6.404663   -7.582052   -0.324874
   4.601701    3.166569    5.768219     14.819856   11.394102   -6.307896
 XXXXXXXXXXXXXXXXXXXXXXXX TRAJECTORY NUMBER        3
  -2.224261   -1.026668    8.654394     -9.844779   -6.475954    4.938198
  -2.840707   -2.296080    7.773663     -4.975069   -4.918142    1.369694
   5.064968    3.522748    5.571034     14.819847   11.394096   -6.307892
 XXXXXXXXXXXXXXXXXXXXXXXX TRAJECTORY NUMBER        3
  -2.550707   -1.270629    8.778295    -11.004908   -9.162708    2.910654
  -2.977529   -2.408298    7.846946     -3.814935   -2.231385    3.397237
   5.528236    3.878927    5.373850     14.819843   11.394093   -6.307891
 XXXXXXXXXXXXXXXXXXXXXXXX TRAJECTORY NUMBER        3
  -2.907723   -1.596090    8.835472    -11.671151  -11.270397    1.044467
  -3.083780   -2.439016    7.986953     -3.148690   -0.123695    5.263423
   5.991503    4.235106    5.176666     14.819841   11.394092   -6.307890
 XXXXXXXXXXXXXXXXXXXXXXXX TRAJECTORY NUMBER        3
  -3.268622   -1.887755    8.939033    -11.591382   -6.131676    7.340295
  -3.186149   -2.503529    8.080576     -3.228458   -5.262415   -1.032405
   6.454771    4.591284    4.979481     14.819840   11.394091   -6.307890
 XXXXXXXXXXXXXXXXXXXXXXXX TRAJECTORY NUMBER        3
  -3.635046   -2.053232    9.205658    -11.541994   -5.589181    7.958639
  -3.282992   -2.694231    8.011136     -3.277845   -5.804909   -1.650750
   6.918038    4.947463    4.782297     14.819839   11.394090   -6.307889
 XXXXXXXXXXXXXXXXXXXXXXXX TRAJECTORY NUMBER        3
  -3.979364   -2.252214    9.405658    -10.425883   -7.088529    4.833783
  -3.401942   -2.851428    8.008320     -4.393956   -4.305561    1.474106
   7.381305    5.303642    4.585113     14.819839   11.394090   -6.307889
 XXXXXXXXXXXXXXXXXXXXXXXX TRAJECTORY NUMBER        3
  -4.284559   -2.492275    9.510386     -9.059288   -8.218332    1.885037
  -3.560014   -2.967545    8.100776     -5.760551   -3.175758    4.422852
   7.844573    5.659820    4.387928     14.819839   11.394090   -6.307889
 XXXXXXXXXXXXXXXXXXXXXXXX TRAJECTORY NUMBER        3
  -4.359258   -2.562747    9.522927     -8.636339   -8.478223    1.083990
  -3.610397   -2.993242    8.141475     -6.183499   -2.915867    5.223899
   7.969655    5.755989    4.334689     14.819839   11.394090   -6.307889
 XXXXXXXXXXXXXXXXXXXXXXXX TRAJECTORY NUMBER        4
   0.000000    0.000000    0.000000      0.000000    0.000000   17.428134
   0.912902    0.385499   11.241816     -2.449015    5.191956   -4.817986
  -0.912902   -0.185499   10.757275      2.449015   -5.191956  -12.610148
 XXXXXXXXXXXXXXXXXXXXXXXX TRAJECTORY NUMBER        4
  -0.000000    0.000000    0.544803     -0.000000    0.000000   17.428137
   0.813621    0.539110   11.083968     -3.867187    4.597734   -5.309342
  -0.813621   -0.339110   10.370320      3.867187   -4.597734  -12.118795
 XXXXXXXXXXXXXXXXXXXXXXXX TRAJECTORY NUMBER        4
  -0.000000   -0.000000    1.089605     -0.000000   -0.000000   17.428143
   0.673478    0.670710   10.908232     -5.059362    3.788551   -5.958674
  -0.673478   -0.470710   10.001254      5.059362   -3.788551  -11.469470
 XXXXXXXXXXXXXXXXXXXXXXXX TRAJECTORY NUMBER        4
  -0.000000   -0.000000    1.634408     -0.000001   -0.000000   17.428156
   0.499945    0.774018   10.710014     -5.998533    2.791937   -6.744253
  -0.499945   -0.574018    9.654669      5.998533   -2.791937  -10.683903
 XXXXXXXXXXXXXXXXXXXXXXXX TRAJECTORY NUMBER        4
  -0.000000   -0.000000    2.179212     -0.000001   -0.000001   17.428182
   0.301414    0.843563   10.485365     -6.653099    1.632104   -7.646760
  -0.301414   -0.643563    9.334515      6.653100   -1.632102   -9.781422
 XXXXXXXXXXXXXXXXXXXXXXXX TRAJECTORY NUMBER        4
  -0.000000   -0.000000    2.724017     -0.000002   -0.000004   17.428242
   0.087352    0.874560   10.230887     -6.984936    0.328347   -8.650456
  -0.087352   -0.674560    9.044187      6.984938   -0.328343   -8.777786
 XXXXXXXXXXXXXXXXXXXXXXXX TRAJECTORY NUMBER        4
  -0.000000   -0.000000    3.268824     -0.000001   -0.000015   17.428396
  -0.131372    0.862713    9.943592     -6.940196   -1.107980   -9.745249
   0.131372   -0.662713    8.786674      6.940198    1.107995   -7.683147
 XXXXXXXXXXXXXXXXXXXXXXXX TRAJECTORY NUMBER        4
  -0.000000   -0.000001    3.693780      0.000008   -0.000039   17.428707
  -0.296932    0.821101    9.694936     -6.587873   -2.318421  -10.659478
   0.296932   -0.621100    8.610375      6.587865    2.318460   -6.769229
 XXXXXXXXXXXXXXXXXXXXXXXX TRAJECTORY NUMBER        4
  -0.000000   -0.000001    3.813641      0.000016   -0.000053   17.428868
  -0.341707    0.803937    9.620713     -6.428414   -2.674031  -10.926578
   0.341707   -0.603936    8.564737      6.428398    2.674084   -6.502291
 XXXXXXXXXXXXXXXXXXXXXXXX TRAJECTORY NUMBER        4
   0.000002   -0.000005    4.358493      0.000225   -0.000281   17.431253
  -0.526753    0.694254    9.259661     -5.287052   -4.360838  -12.183394
   0.526751   -0.494249    8.380938      5.286827    4.361120   -5.247859
 XXXXXXXXXXXXXXXXXXXXXXXX TRAJECTORY NUMBER        4
   0.000035   -0.000032    4.903589      0.002737   -0.001764   17.449485
  -0.663032    0.530832    8.858884     -3.261248   -6.084041  -13.446149
   0.662997   -0.330800    8.236618      3.258512    6.085804   -4.003336
 XXXXXXXXXXXXXXXXXXXXXXXX TRAJECTORY NUMBER        4
   0.000225   -0.000111    5.450071      0.008043   -0.002212   17.520356
  -0.719598    0.316948    8.421410     -0.209547   -7.495858  -14.466415
   0.719373   -0.116837    8.127610      0.201504    7.498070   -3.053941
 XXXXXXXXXXXXXXXXXXXXXXXX TRAJECTORY NUMBER        4
   0.000719   -0.000409    5.993232      0.015976   -0.026331   17.034184
  -0.674545    0.072743    7.965543      2.995482   -7.930742  -14.468779
   0.673826    0.127666    8.040316     -3.011458    7.957073   -2.565405
 XXXXXXXXXXXXXXXXXXXXXXXX TRAJECTORY NUMBER        4
  -0.001579   -0.002046    6.516922      0.130959   -0.006433   16.054102
  -0.561957   -0.174005    7.514832      3.110152   -8.097751  -14.016285
   0.563536    0.376050    7.967337     -3.241111    8.104185   -2.037817
 XXXXXXXXXXXXXXXXXXXXXXXX TRAJECTORY NUMBER        4
   0.182785    0.084382    6.751858     11.291583    5.884128    1.548425
  -0.683465   -0.543362    7.301330    -10.714691  -16.166101   -1.871476
   0.500680    0.658980    7.945903     -0.576892   10.281973    0.323051
 XXXXXXXXXXXXXXXXXXXXXXXX TRAJECTORY NUMBER        4
   0.523242    0.272043    6.840064     10.507233    6.364313    4.269558
  -1.024439   -1.061211    7.222789    -10.881744  -16.723683   -2.918012
   0.501198    0.989169    7.936238      0.374511   10.359370   -1.351546
 XXXXXXXXXXXXXXXXXXXXXXXX TRAJECTORY NUMBER        4
   0.847144    0.486727    6.998257     10.236860    7.258242    5.567960
  -1.363856   -1.583963    7.130586    -10.849209  -16.718981   -2.955806
   0.516712    1.297235    7.870247      0.612349    9.460739   -2.612153
 XXXXXXXXXXXXXXXXXXXXXXXX TRAJECTORY NUMBER        4
   1.157966    0.714390    7.174015     10.040108    7.597107    5.873710
  -1.696108   -2.096021    7.040045    -10.843200  -16.712239   -2.955274
   0.538142    1.581631    7.785031      0.803092    9.115133   -2.918437
 XXXXXXXXXXXXXXXXXXXXXXXX TRAJECTORY NUMBER        4
   1.164241    0.719143    7.177689     10.032896    7.607065    5.880716
  -1.702887   -2.106469    7.038197    -10.843148  -16.712179   -2.955267
   0.538646    1.587326    7.783204      0.810253    9.105114   -2.925448
 XXXXXXXXXXXXXXXXXXXXXXXX TRAJECTORY NUMBER        4
   1.466302    0.970729    7.369211      9.085167    8.673016    6.409143
  -2.041820   -2.628863    6.945819    -10.841957  -16.710755   -2.955095
   0.575518    1.858134    7.684061      1.756790    8.037739   -3.454047
 XXXXXXXXXXXXXXXXXXXXXXXX TRAJECTORY NUMBER        4
   1.720858    1.268557    7.575859      7.081840   10.412090    6.714876
  -2.380734   -3.151234    6.853444    -10.841713  -16.710439   -2.955050
   0.659876    2.082677    7.569788      3.759873    6.298350   -3.759826
 XXXXXXXXXXXXXXXXXXXXXXXX TRAJECTORY NUMBER        4
   1.906362    1.619317    7.782034      4.825802   11.934377    6.374362
  -2.719644   -3.673600    6.761070    -10.841643  -16.710342   -2.955035
   0.813282    2.254283    7.455987      6.015840    4.775965   -3.419327
 XXXXXXXXXXXXXXXXXXXXXXXX TRAJECTORY NUMBER        4
   2.031053    2.006137    7.971222      3.373503   12.659939    5.755914
  -3.058553   -4.195964    6.668695    -10.841617  -16.710306   -2.955030
   1.027500    2.389827    7.359173      7.468114    4.050367   -2.800884
 XXXXXXXXXXXXXXXXXXXXXXXX TRAJECTORY NUMBER        4
   2.129186    2.404219    8.145955      2.950774   12.776017    5.426639
  -3.397461   -4.718327    6.576321    -10.841606  -16.710291   -2.955028
   1.268275    2.514108    7.276815      7.890833    3.934274   -2.471612
 XXXXXXXXXXXXXXXXXXXXXXXX TRAJECTORY NUMBER        4
   2.209435    2.803559    8.301024      2.059321   12.714259    4.251195
  -3.736369   -5.240689    6.483947    -10.841602  -16.710284   -2.955027
   1.526934    2.637131    7.214120      8.782280    3.996025   -1.296168
 XXXXXXXXXXXXXXXXXXXXXXXX TRAJECTORY NUMBER        4
   2.255472    3.193137    8.399381      0.929931   12.105527    1.929528
  -4.075277   -5.763052    6.391573    -10.841599  -16.710280   -2.955026
   1.819805    2.769915    7.208137      9.911668    4.604753    1.025499
 XXXXXXXXXXXXXXXXXXXXXXXX TRAJECTORY NUMBER        4
   2.273281    3.555124    8.420290      0.325957   11.007564   -0.524194
  -4.414184   -6.285414    6.299200    -10.841598  -16.710279   -2.955026
   2.140903    2.930290    7.279601     10.515641    5.702715    3.479220
 XXXXXXXXXXXXXXXXXXXXXXXX TRAJECTORY NUMBER        4
   2.282544    3.882618    8.376730      0.334905   10.045566   -2.022997
  -4.753092   -6.807777    6.206826    -10.841597  -16.710278   -2.955026
   2.470548    3.125159    7.415535     10.506692    6.664712    4.978023
 XXXXXXXXXXXXXXXXXXXXXXXX TRAJECTORY NUMBER        4
   2.295175    4.190464    8.306412      0.485203    9.679962   -2.414885
  -5.092000   -7.330139    6.114452    -10.841597  -16.710277   -2.955026
   2.796825    3.339675    7.578227     10.356393    7.030315    5.369911
 XXXXXXXXXXXXXXXXXXXXXXXX TRAJECTORY NUMBER        4
   2.319431    4.480254    8.221825      1.255217    8.668028   -3.071266
  -5.430908   -7.852501    6.022078    -10.841596  -16.710277   -2.955026
   3.111476    3.572248    7.755189      9.586379    8.042249    6.026292
 XXXXXXXXXXXXXXXXXXXXXXXX TRAJECTORY NUMBER        4
   2.352513    4.635690    8.158868      2.273466    7.603275   -3.510204
  -5.637641   -8.171142    5.965730    -10.841596  -16.710276   -2.955026
   3.285129    3.735452    7.874493      8.568130    9.107002    6.465230
 XXXXXXXXXXXXXXXXXXXXXXXX TRAJECTORY NUMBER        5
   0.000000    0.000000    0.000000      0.000000    0.000000   17.428134
  -0.244987    0.003850   10.200203     -6.503922    3.606300   -4.662469
   0.244987    0.196150   11.798888      6.503922   -3.606300  -12.765665
 XXXXXXXXXXXXXXXXXXXXXXXX TRAJECTORY NUMBER        5
  -0.000000    0.000000    0.544803     -0.000000    0.000000   17.428138
  -0.427208    0.120383   10.104899     -4.962739    3.768665   -1.449679
   0.427208    0.079617   11.349390      4.962739   -3.768665  -15.978459
 XXXXXXXXXXXXXXXXXXXXXXXX TRAJECTORY NUMBER        5
  -0.000000    0.000000    1.089605     -0.000000    0.000000   17.428144
  -0.545936    0.233678   10.101217     -2.599562    3.400308    0.943529
   0.545936   -0.033678   10.808268      2.599562   -3.400308  -18.371673
 XXXXXXXXXXXXXXXXXXXXXXXX TRAJECTORY NUMBER        5
  -0.000000    0.000000    1.634408     -0.000000    0.000000   17.428156
  -0.596707    0.331090   10.144647     -0.733494    2.812686    1.615608
   0.596707   -0.131090   10.220035      0.733494   -2.812686  -19.043764
 XXXXXXXXXXXXXXXXXXXXXXXX TRAJECTORY NUMBER        5
  -0.000000    0.000000    2.179212     -0.000000    0.000000   17.428179
  -0.582992    0.403071   10.190277      1.796373    1.654254    1.042224
   0.582992   -0.203071    9.629603     -1.796373   -1.654255  -18.470402
 XXXXXXXXXXXXXXXXXXXXXXXX TRAJECTORY NUMBER        5
   0.000000    0.000000    2.724016      0.000002   -0.000000   17.428236
  -0.483947    0.430460   10.193917      4.406462    0.108873   -0.986435
   0.483947   -0.230460    9.081158     -4.406464   -0.108873  -16.441800
 XXXXXXXXXXXXXXXXXXXXXXXX TRAJECTORY NUMBER        5
   0.000000   -0.000000    3.268824      0.000010   -0.000004   17.428411
  -0.318542    0.413015   10.123236      5.996939   -1.156167   -3.549479
   0.318542   -0.213015    8.607031     -5.996949    1.156171  -13.878932
 XXXXXXXXXXXXXXXXXXXXXXXX TRAJECTORY NUMBER        5
   0.000001   -0.000000    3.813645      0.000040   -0.000031   17.429270
  -0.118712    0.362458    9.973558      6.660791   -2.016079   -5.981227
   0.118711   -0.162458    8.211888     -6.660831    2.016110  -11.448044
 XXXXXXXXXXXXXXXXXXXXXXXX TRAJECTORY NUMBER        5
   0.000002   -0.000004    4.358570     -0.000022   -0.000279   17.437972
   0.091439    0.290332    9.752424      6.700979   -2.552913   -8.117861
  -0.091441   -0.090328    7.888097     -6.700957    2.553191   -9.320111
 XXXXXXXXXXXXXXXXXXXXXXXX TRAJECTORY NUMBER        5
  -0.000022   -0.000021    4.904150     -0.001491   -0.000690   17.464492
   0.295799    0.205288    9.468699      6.311546   -2.854366   -9.999221
  -0.295777   -0.005266    7.626241     -6.310056    2.855056   -7.465272
 XXXXXXXXXXXXXXXXXXXXXXXX TRAJECTORY NUMBER        5
  -0.000142   -0.000023    5.450452     -0.028356    0.004423   17.597857
   0.482904    0.113879    9.130257      5.647769   -2.962453  -11.548400
  -0.482762    0.086144    7.418382     -5.619413    2.958029   -6.049456
 XXXXXXXXXXXXXXXXXXXXXXXX TRAJECTORY NUMBER        5
  -0.010782    0.002504    6.032762     -0.894650    0.228864   20.108819
   0.654217    0.021243    8.758875      5.407872   -2.963285  -12.071006
  -0.643435    0.176252    7.207453     -4.513222    2.734421   -8.037813
 XXXXXXXXXXXXXXXXXXXXXXXX TRAJECTORY NUMBER        5
   0.024393   -0.011122    6.599437      6.994352   -2.358785   13.632579
   0.821018   -0.070828    8.383144      5.456549   -2.964913  -11.822054
  -0.845411    0.281950    7.016510    -12.450901    5.323698   -1.810525
 XXXXXXXXXXXXXXXXXXXXXXXX TRAJECTORY NUMBER        5
   0.289884   -0.097970    7.027560      8.480853   -2.685530   14.268277
   0.997880   -0.166497    8.005478      5.360675   -3.033372  -12.600203
  -1.287765    0.464467    6.966054    -13.841528    5.718902   -1.668073
 XXXXXXXXXXXXXXXXXXXXXXXX TRAJECTORY NUMBER        5
   0.376001   -0.165036    7.306094     -5.961455   -1.223508    2.453660
   1.336938   -0.276801    7.773164     19.473049   -4.439661   -1.047303
  -1.712939    0.641837    6.919832    -13.511595    5.663169   -1.406357
 XXXXXXXXXXXXXXXXXXXXXXXX TRAJECTORY NUMBER        5
   0.199420   -0.205097    7.382623     -4.154115   -1.470442    2.831890
   1.937312   -0.414411    7.740816     17.737751   -4.225073   -1.413475
  -2.136731    0.819508    6.875652    -13.583636    5.695515   -1.418416
 XXXXXXXXXXXXXXXXXXXXXXXX TRAJECTORY NUMBER        5
   0.095318   -0.254249    7.475658     -2.968424   -1.616322    3.028036
   2.466244   -0.543395    7.692167     16.558765   -4.082272   -1.608136
  -2.561562    0.997644    6.831266    -13.590341    5.698593   -1.419900
 XXXXXXXXXXXXXXXXXXXXXXXX TRAJECTORY NUMBER        5
   0.003319   -0.304820    7.570350     -2.934764   -1.617076    3.028648
   2.982928   -0.670891    7.641825     16.515663   -4.076976   -1.611120
  -2.986247    1.175711    6.786917    -13.580899    5.694052   -1.417528
 XXXXXXXXXXXXXXXXXXXXXXXX TRAJECTORY NUMBER        5
  -0.088309   -0.355349    7.665003     -2.928816   -1.615927    3.027368
   3.499004   -0.798312    7.591459     16.504726   -4.075621   -1.611176
  -3.410694    1.353661    6.742629    -13.575910    5.691548   -1.416192
 XXXXXXXXXXXXXXXXXXXXXXXX TRAJECTORY NUMBER        5
  -0.179841   -0.405852    7.759627     -2.927702   -1.615279    3.026703
   4.014882   -0.925708    7.541095     16.501620   -4.075234   -1.611073
  -3.835041    1.531560    6.698369    -13.573918    5.690513   -1.415631
 XXXXXXXXXXXXXXXXXXXXXXXX TRAJECTORY NUMBER        5
  -0.271359   -0.456339    7.854236     -2.927632   -1.614916    3.026377
   4.530704   -1.053098    7.490734     16.500642   -4.075111   -1.611013
  -4.259345    1.709437    6.654121    -13.573010    5.690027   -1.415364
 XXXXXXXXXXXXXXXXXXXXXXXX TRAJECTORY NUMBER        5
  -0.362877   -0.506818    7.948837     -2.927719   -1.614716    3.026211
   5.046506   -1.180485    7.440375     16.500280   -4.075066   -1.610983
  -4.683629    1.887303    6.609879    -13.572561    5.689782   -1.415228
 XXXXXXXXXXXXXXXXXXXXXXXX TRAJECTORY NUMBER        5
  -0.454399   -0.557292    8.043435     -2.927804   -1.614604    3.026122
   5.562302   -1.307871    7.390016     16.500129   -4.075047   -1.610968
  -5.107902    2.065163    6.565640    -13.572325    5.689651   -1.415154
 XXXXXXXXXXXXXXXXXXXXXXXX TRAJECTORY NUMBER        5
  -0.545923   -0.607763    8.138030     -2.927866   -1.614539    3.026073
   6.078093   -1.435256    7.339657     16.500060   -4.075038   -1.610960
  -5.532170    2.243020    6.521403    -13.572194    5.689577   -1.415112
 XXXXXXXXXXXXXXXXXXXXXXXX TRAJECTORY NUMBER        5
  -0.637449   -0.658233    8.232625     -2.927907   -1.614500    3.026044
   6.593884   -1.562642    7.289299     16.500026   -4.075033   -1.610956
  -5.956435    2.420875    6.477168    -13.572118    5.689533   -1.415088
 XXXXXXXXXXXXXXXXXXXXXXXX TRAJECTORY NUMBER        5
  -0.728975   -0.708702    8.327218     -2.927935   -1.614475    3.026026
   7.109673   -1.690027    7.238940     16.500007   -4.075031   -1.610954
  -6.380698    2.598729    6.432932    -13.572073    5.689506   -1.415072
 XXXXXXXXXXXXXXXXXXXXXXXX TRAJECTORY NUMBER        5
  -0.820503   -0.759170    8.421812     -2.927953   -1.614460    3.026015
   7.625463   -1.817412    7.188582     16.499997   -4.075030   -1.610952
  -6.804960    2.776582    6.388697    -13.572044    5.689490   -1.415063
 XXXXXXXXXXXXXXXXXXXXXXXX TRAJECTORY NUMBER        5
  -0.912031   -0.809638    8.516405     -2.927966   -1.614450    3.026008
   8.141251   -1.944797    7.138224     16.499991   -4.075029   -1.610951
  -7.229221    2.954435    6.344463    -13.572026    5.689479   -1.415057
 XXXXXXXXXXXXXXXXXXXXXXXX TRAJECTORY NUMBER        5
  -1.003559   -0.860105    8.610997     -2.927974   -1.614443    3.026003
   8.657040   -2.072182    7.087865     16.499988   -4.075029   -1.610951
  -7.653481    3.132288    6.300228    -13.572013    5.689472   -1.415052
 XXXXXXXXXXXXXXXXXXXXXXXX TRAJECTORY NUMBER        5
  -1.095087   -0.910573    8.705590     -2.927980   -1.614438    3.026000
   9.172829   -2.199568    7.037507     16.499985   -4.075028   -1.610951
  -8.077742    3.310140    6.255994    -13.572005    5.689467   -1.415050
 XXXXXXXXXXXXXXXXXXXXXXXX TRAJECTORY NUMBER        5
  -1.186616   -0.961040    8.800183     -2.927984   -1.614435    3.025998
   9.688617   -2.326953    6.987149     16.499984   -4.075028   -1.610950
  -8.502002    3.487993    6.211759    -13.572000    5.689463   -1.415048
 XXXXXXXXXXXXXXXXXXXXXXXX TRAJECTORY NUMBER        5
  -1.278145   -1.011507    8.894775     -2.927987   -1.614433    3.025996
  10.204406   -2.454338    6.936791     16.499983   -4.075028   -1.610950
  -8.926261    3.665845    6.167525    -13.571996    5.689461   -1.415046
 XXXXXXXXXXXXXXXXXXXXXXXX TRAJECTORY NUMBER        5
  -1.369673   -1.061974    8.989367     -2.927990   -1.614431    3.025995
  10.720195   -2.581723    6.886433     16.499982   -4.075028   -1.610950
  -9.350521    3.843697    6.123291    -13.571993    5.689459   -1.415045
 XXXXXXXXXXXXXXXXXXXXXXXX TRAJECTORY NUMBER        5
  -1.461202   -1.112441    9.083960     -2.927991   -1.614430    3.025994
  11.235983   -2.709108    6.836074     16.499982   -4.075028   -1.610950
  -9.774781    4.021549    6.079057    -13.571991    5.689458   -1.415044
 XXXXXXXXXXXXXXXXXXXXXXXX TRAJECTORY NUMBER        5
  -1.552731   -1.162908    9.178552     -2.927992   -1.614429    3.025994
  11.751772   -2.836493    6.785716     16.499982   -4.075028   -1.610950
 -10.199041    4.199401    6.034822    -13.571989    5.689457   -1.415044
 XXXXXXXXXXXXXXXXXXXXXXXX TRAJECTORY NUMBER        5
  -1.644260   -1.213375    9.273145     -2.927993   -1.614428    3.025993
  12.267560   -2.963878    6.735358     16.499981   -4.075028   -1.610950
 -10.623300    4.377253    5.990588    -13.571988    5.689456   -1.415043
 XXXXXXXXXXXXXXXXXXXXXXXX TRAJECTORY NUMBER        5
  -1.735789   -1.263842    9.367737     -2.927994   -1.614428    3.025993
  12.783349   -3.091264    6.685000     16.499981   -4.075028   -1.610950
 -11.047560    4.555105    5.946354    -13.571987    5.689456   -1.415043
 XXXXXXXXXXXXXXXXXXXXXXXX TRAJECTORY NUMBER        5
  -1.827318   -1.314309    9.462329     -2.927995   -1.614428    3.025993
  13.299137   -3.218649    6.634642     16.499981   -4.075028   -1.610950
 -11.471819    4.732957    5.902120    -13.571986    5.689455   -1.415043
 XXXXXXXXXXXXXXXXXXXXXXXX TRAJECTORY NUMBER        5
  -1.918847   -1.364776    9.556922     -2.927995   -1.614427    3.025992
  13.814926   -3.346034    6.584283     16.499981   -4.075028   -1.610950
 -11.896079    4.910810    5.857886    -13.571986    5.689455   -1.415043
 XXXXXXXXXXXXXXXXXXXXXXXX TRAJECTORY NUMBER        5
  -2.010376   -1.415243    9.651514     -2.927995   -1.614427    3.025992
  14.330714   -3.473419    6.533925     16.499981   -4.075028   -1.610950
 -12.320338    5.088662    5.813652    -13.571986    5.689455   -1.415043
 XXXXXXXXXXXXXXXXXXXXXXXX TRAJECTORY NUMBER        5
  -2.101905   -1.465709    9.746107     -2.927996   -1.614427    3.025992
  14.846503   -3.600804    6.483567     16.499981   -4.075028   -1.610950
 -12.744598    5.266514    5.769417    -13.571985    5.689454   -1.415042
 XXXXXXXXXXXXXXXXXXXXXXXX TRAJECTORY NUMBER        5
  -2.193434   -1.516176    9.840699     -2.927996   -1.614427    3.025992
  15.362291   -3.728189    6.433209     16.499981   -4.075028   -1.610950
 -13.168857    5.444366    5.725183    -13.571985    5.689454   -1.415042
 XXXXXXXXXXXXXXXXXXXXXXXX TRAJECTORY NUMBER        5
  -2.284963   -1.566643    9.935291     -2.927996   -1.614427    3.025992
  15.878080   -3.855574    6.382851     16.499981   -4.075028   -1.610950
 -13.593117    5.622218    5.680949    -13.571985    5.689454   -1.415042
 XXXXXXXXXXXXXXXXXXXXXXXX TRAJECTORY NUMBER        5
  -2.376492   -1.617110   10.029884     -2.927996   -1.614426    3.025992
  16.393868   -3.982960    6.332492     16.499981   -4.075028   -1.610950
 -14.017376    5.800070    5.636715    -13.571985    5.689454   -1.415042
 XXXXXXXXXXXXXXXXXXXXXXXX TRAJECTORY NUMBER        5
  -2.468021   -1.667577   10.124476     -2.927996   -1.614426    3.025992
  16.909657   -4.110345    6.282134     16.499981   -4.075028   -1.610950
 -14.441636    5.977922    5.592481    -13.571985    5.689454   -1.415042
 XXXXXXXXXXXXXXXXXXXXXXXX TRAJECTORY NUMBER        5
  -2.487242   -1.678175   10.144340     -2.927996   -1.614426    3.025992
  17.017972   -4.137096    6.271559     16.499981   -4.075028   -1.610950
 -14.530730    6.015271    5.583192    -13.571984    5.689454   -1.415042
